accuracy: 0.7389105
f_meas: 0.509226
j_index: 0.3156386
roc_auc: 0.73802
