accuracy: 0.7123152
f_meas: 0.0501446
j_index: 0.0238754
roc_auc: 0.5756182
