accuracy: 0.7747386
f_meas: 0.3943611
j_index: 0.2434108
roc_auc: 0.7773963
