accuracy: 0.7416914
f_meas: 0.2877131
j_index: 0.1551691
roc_auc: 0.6137259
