accuracy: 0.8282116
f_meas: 0.6356975
j_index: 0.4711153
roc_auc: 0.8567543
