accuracy: 0.7939063
f_meas: 0.6261175
j_index: 0.4673738
roc_auc: 0.8501334
